Adjacency Matrix for Graph:
0 1 1 1 0 0 1 0 0 1 0 0 1 0 1 0 1 0 0 1 0 0 1 0 1 1 0 0 0 1 0 0 1 0 0 1 1 0 0 0 1 1 0 0 0 0 0 0 0 1 0 1 0 1 0 0 0 0 0 0 0 0 1 1 1 0 0 0 0 0 0 0 1 0 0 0 0 0 0 1 1 0 0 0 0 1 0 0 0 0 1 0 1 0 0 0 0 0 1 0 0 0 1 1 0 0 0 0 1 0 0 0 0 0 0 0 0 0 1 1 0 1 0 0 0 0 0 0 0 1 0 1 0 0 1 0 0 0 0 0 0 1 1 0 

Weight Matrix for Graph:
0 1.6 2.4 0.7 0 0 1.1 0 0 2.3 0 0 1.6 0 0.8 0 0.7 0 0 1.1 0 0 2.3 0 2.4 0.8 0 0 0 0.7 0 0 1.1 0 0 2.3 0.7 0 0 0 1.6 2.4 0 0 0 0 0 0 0 0.7 0 1.6 0 0.8 0 0 0 0 0 0 0 0 0.7 2.4 0.8 0 0 0 0 0 0 0 1.1 0 0 0 0 0 0 1.6 2.4 0 0 0 0 1.1 0 0 0 0 1.6 0 0.8 0 0 0 0 0 1.1 0 0 0 2.4 0.8 0 0 0 0 2.3 0 0 0 0 0 0 0 0 0 1.6 2.4 0 2.3 0 0 0 0 0 0 0 1.6 0 0.8 0 0 2.3 0 0 0 0 0 0 2.4 0.8 0 